0.9855 0.9748338081671415 0.9975704567541303
0.671 0.6697080291970803 0.7126213592233009
0.9859375 0.9743283582089552 0.9987760097919217
0.71625 0.7116279069767442 0.7481662591687042
0.9875 0.9759615384615384 1.0
0.685 0.6747720364741642 0.7302631578947368
0.985 0.9720447284345048 0.9991789819376026
0.7083333333333334 0.6837606837606838 0.7894736842105263
0.98625 0.9743795036028823 0.9991789819376026
0.6433333333333333 0.631578947368421 0.7105263157894737
0.9941860465116279 0.9886792452830189 1.0
0.6666666666666666 0.6527777777777778 0.7230769230769231
0.998062015503876 0.9961977186311787 1.0
0.6976744186046512 0.6625 0.8153846153846154
0.99375 0.9878345498783455 1.0
0.695 0.6846846846846847 0.7450980392156863
0.98875 0.9785202863961814 1.0
0.73 0.7276995305164319 0.7560975609756098
0.9883333333333333 0.9775280898876404 1.0
0.7166666666666667 0.7147435897435898 0.7335526315789473
0.9890625 0.9790293588975434 1.0
0.74 0.7238307349665924 0.7946210268948656
0.9895 0.98 1.0
0.727 0.7257462686567164 0.7553398058252427
0.9895833333333334 0.9798387096774194 1.0
0.7 0.6811594202898551 0.7704918032786885
